      Step     Time          Energy          fmax
BFGS:    0 09:53:12      -21.287719        1.136838
BFGS:    1 09:53:13      -21.296210        0.573540
BFGS:    2 09:53:15      -21.299531        0.027689