      Step     Time          Energy          fmax
BFGS:    0 20:22:45       -6.453518        1.541913
BFGS:    1 20:22:47       -6.483194        0.120451
BFGS:    2 20:22:48       -6.483406        0.012153
