      Step     Time          Energy          fmax
BFGS:    0 20:22:39      -21.287719        1.136838
BFGS:    1 20:22:41      -21.296210        0.573540
BFGS:    2 20:22:43      -21.299531        0.027689
